item,lang,exp,AttachType,antecedent,hasIC,verb,verbNum,N1_full,N2_full,N1,N2,mask_sents,auto_sents,target,sent,/data/bert-base-uncased_prob,/data/roberta-base_prob
1,English,Rohde,high,NP1,1,scolded,sg,the chef,the aristocrats,chef,aristocrats,The woman scolded the chef of the aristocrats who MASKTOKEN routinely letting food go to waste.,The woman scolded the chef of the aristocrats who,$SG,The woman scolded the chef of the aristocrats who MASKTOKEN routinely letting food go to waste.,0.002302291441947,0.755222066822025
1,English,Rohde,low,NP2,1,scolded,sg,the chefs,the aristocrat,chefs,aristocrat,The woman scolded the chefs of the aristocrat who MASKTOKEN routinely letting food go to waste.,The woman scolded the chefs of the aristocrat who,$SG,The woman scolded the chefs of the aristocrat who MASKTOKEN routinely letting food go to waste.,0.678890600271272,0.062752812404454
1,English,Rohde,low,NP2,1,scolded,pl,the chef,the aristocrats,chef,aristocrats,The woman scolded the chef of the aristocrats who MASKTOKEN routinely letting food go to waste.,The woman scolded the chef of the aristocrats who,$PL,The woman scolded the chef of the aristocrats who MASKTOKEN routinely letting food go to waste.,0.986053645513216,0.218190060858757
1,English,Rohde,high,NP1,1,scolded,pl,the chefs,the aristocrat,chefs,aristocrat,The woman scolded the chefs of the aristocrat who MASKTOKEN routinely letting food go to waste.,The woman scolded the chefs of the aristocrat who,$PL,The woman scolded the chefs of the aristocrat who MASKTOKEN routinely letting food go to waste.,0.300425513660592,0.923943649102274
1,English,Rohde,high,NP1,0,studied,sg,with the chef,the aristocrats,chef,aristocrats,The woman studied with the chef of the aristocrats who MASKTOKEN routinely letting food go to waste.,The woman studied with the chef of the aristocrats who,$SG,The woman studied with the chef of the aristocrats who MASKTOKEN routinely letting food go to waste.,0.014149614419904,0.095136532192592
1,English,Rohde,low,NP2,0,studied,sg,with the chefs,the aristocrat,chefs,aristocrat,The woman studied with the chefs of the aristocrat who MASKTOKEN routinely letting food go to waste.,The woman studied with the chefs of the aristocrat who,$SG,The woman studied with the chefs of the aristocrat who MASKTOKEN routinely letting food go to waste.,0.337268821569637,0.107681419577805
1,English,Rohde,low,NP2,0,studied,pl,with the chef,the aristocrats,chef,aristocrats,The woman studied with the chef of the aristocrats who MASKTOKEN routinely letting food go to waste.,The woman studied with the chef of the aristocrats who,$PL,The woman studied with the chef of the aristocrats who MASKTOKEN routinely letting food go to waste.,0.964953433932968,0.893269370346341
1,English,Rohde,high,NP1,0,studied,pl,with the chefs,the aristocrat,chefs,aristocrat,The woman studied with the chefs of the aristocrat who MASKTOKEN routinely letting food go to waste.,The woman studied with the chefs of the aristocrat who,$PL,The woman studied with the chefs of the aristocrat who MASKTOKEN routinely letting food go to waste.,0.627795590751168,0.878945264626696
2,English,Rohde,high,NP1,1,stared,sg,at the teacher,the second graders,teacher,graders,The man stared at the teacher of the second graders who MASKTOKEN definitely smartest in the school.,The man stared at the teacher of the second graders who,$SG,The man stared at the teacher of the second graders who MASKTOKEN definitely smartest in the school.,0.98822951704065,0.824474489826551
2,English,Rohde,low,NP2,1,stared,sg,at the teachers,the second grader,teachers,grader,The man stared at the teachers of the second grader who MASKTOKEN definitely smartest in the school.,The man stared at the teachers of the second grader who,$SG,The man stared at the teachers of the second grader who MASKTOKEN definitely smartest in the school.,0.702372742461785,0.873790994546261
2,English,Rohde,low,NP2,1,stared,pl,at the teacher,the second graders,teacher,graders,The man stared at the teacher of the second graders who MASKTOKEN definitely smartest in the school.,The man stared at the teacher of the second graders who,$PL,The man stared at the teacher of the second graders who MASKTOKEN definitely smartest in the school.,0.002436363844525,0.167520628831259
2,English,Rohde,high,NP1,1,stared,pl,at the teachers,the second grader,teachers,grader,The man stared at the teachers of the second grader who MASKTOKEN definitely smartest in the school.,The man stared at the teachers of the second grader who,$PL,The man stared at the teachers of the second grader who MASKTOKEN definitely smartest in the school.,0.286428216297816,0.117210803450545
2,English,Rohde,high,NP1,0,lived,sg,next to the teacher,the second graders,teacher,graders,The man lived next to the teacher of the second graders who MASKTOKEN definitely smartest in the school.,The man lived next to the teacher of the second graders who,$SG,The man lived next to the teacher of the second graders who MASKTOKEN definitely smartest in the school.,0.993611602984375,0.83390545151334
2,English,Rohde,low,NP2,0,lived,sg,next to the teachers,the second grader,teachers,grader,The man lived next to the teachers of the second grader who MASKTOKEN definitely smartest in the school.,The man lived next to the teachers of the second grader who,$SG,The man lived next to the teachers of the second grader who MASKTOKEN definitely smartest in the school.,0.933606831538116,0.857316208238994
2,English,Rohde,low,NP2,0,lived,pl,next to the teacher,the second graders,teacher,graders,The man lived next to the teacher of the second graders who MASKTOKEN definitely smartest in the school.,The man lived next to the teacher of the second graders who,$PL,The man lived next to the teacher of the second graders who MASKTOKEN definitely smartest in the school.,0.002973019773705,0.162952678931216
2,English,Rohde,high,NP1,0,lived,pl,next to the teachers,the second grader,teachers,grader,The man lived next to the teachers of the second grader who MASKTOKEN definitely smartest in the school.,The man lived next to the teachers of the second grader who,$PL,The man lived next to the teachers of the second grader who MASKTOKEN definitely smartest in the school.,0.062134806604073,0.137811893246749
3,English,Rohde,high,NP1,1,assisted,sg,the maid,the executives,maid,executives,The woman assisted the maid of the executives who MASKTOKEN regularly late to work.,The woman assisted the maid of the executives who,$SG,The woman assisted the maid of the executives who MASKTOKEN regularly late to work.,0.044736586028783,0.102027085248354
3,English,Rohde,low,NP2,1,assisted,sg,the maids,the executive,maids,executive,The woman assisted the maids of the executive who MASKTOKEN regularly late to work.,The woman assisted the maids of the executive who,$SG,The woman assisted the maids of the executive who MASKTOKEN regularly late to work.,0.005340318387847,0.062600973038633
3,English,Rohde,low,NP2,1,assisted,pl,the maid,the executives,maid,executives,The woman assisted the maid of the executives who MASKTOKEN regularly late to work.,The woman assisted the maid of the executives who,$PL,The woman assisted the maid of the executives who MASKTOKEN regularly late to work.,0.932018364987427,0.89007719996418
3,English,Rohde,high,NP1,1,assisted,pl,the maids,the executive,maids,executive,The woman assisted the maids of the executive who MASKTOKEN regularly late to work.,The woman assisted the maids of the executive who,$PL,The woman assisted the maids of the executive who MASKTOKEN regularly late to work.,0.969326970747016,0.932337621834281
3,English,Rohde,high,NP1,0,joked,sg,with the maid,the executives,maid,executives,The woman joked with the maid of the executives who MASKTOKEN regularly late to work.,The woman joked with the maid of the executives who,$SG,The woman joked with the maid of the executives who MASKTOKEN regularly late to work.,0.251005079844775,0.190309064402388
3,English,Rohde,low,NP2,0,joked,sg,with the maids,the executive,maids,executive,The woman joked with the maids of the executive who MASKTOKEN regularly late to work.,The woman joked with the maids of the executive who,$SG,The woman joked with the maids of the executive who MASKTOKEN regularly late to work.,0.016773204897258,0.073141412846294
3,English,Rohde,low,NP2,0,joked,pl,with the maid,the executives,maid,executives,The woman joked with the maid of the executives who MASKTOKEN regularly late to work.,The woman joked with the maid of the executives who,$PL,The woman joked with the maid of the executives who MASKTOKEN regularly late to work.,0.723965380360565,0.800650819038687
3,English,Rohde,high,NP1,0,joked,pl,with the maids,the executive,maids,executives,The woman joked with the maids of the executive who MASKTOKEN regularly late to work.,The woman joked with the maids of the executive who,$PL,The woman joked with the maids of the executive who MASKTOKEN regularly late to work.,0.963135169501453,0.919631379382835
4,English,Rohde,high,NP1,1,trusted,sg,the captain,the sailors,captain,sailors,The man trusted the captain of the sailors who MASKTOKEN consistently weathered big storms.,The man trusted the captain of the sailors who,$SG,The man trusted the captain of the sailors who MASKTOKEN consistently weathered big storms.,0.000782089906151,0.000211582126147
4,English,Rohde,low,NP2,1,trusted,sg,the captains,the sailor,captains,sailor,The man trusted the captains of the sailor who MASKTOKEN consistently weathered big storms.,The man trusted the captains of the sailor who,$SG,The man trusted the captains of the sailor who MASKTOKEN consistently weathered big storms.,0.00156251220804,0.00019347224995
4,English,Rohde,low,NP2,1,trusted,pl,the captain,the sailors,captain,sailors,The man trusted the captain of the sailors who MASKTOKEN consistently weathered big storms.,The man trusted the captain of the sailors who,$PL,The man trusted the captain of the sailors who MASKTOKEN consistently weathered big storms.,0.000734036081456,0.001136065329111
4,English,Rohde,high,NP1,1,trusted,pl,the captains,the sailor,captains,sailor,The man trusted the captains of the sailor who MASKTOKEN consistently weathered big storms.,The man trusted the captains of the sailor who,$PL,The man trusted the captains of the sailor who MASKTOKEN consistently weathered big storms.,0.001025280181328,0.001457318867155
4,English,Rohde,high,NP1,0,stood,sg,near the captain,the sailors,captain,sailors,The man stood near the captain of the sailors who MASKTOKEN consistently weathered big storms.,The man stood near the captain of the sailors who,$SG,The man stood near the captain of the sailors who MASKTOKEN consistently weathered big storms.,0.000715548119799,0.000444159637723
4,English,Rohde,low,NP2,0,stood,sg,near the captains,the sailor,captains,sailor,The man stood near the captains of the sailor who MASKTOKEN consistently weathered big storms.,The man stood near the captains of the sailor who,$SG,The man stood near the captains of the sailor who MASKTOKEN consistently weathered big storms.,0.001067523556303,0.000188633239119
4,English,Rohde,low,NP2,0,stood,pl,near the captain,the sailors,captain,sailors,The man stood near the captain of the sailors who MASKTOKEN consistently weathered big storms.,The man stood near the captain of the sailors who,$PL,The man stood near the captain of the sailors who MASKTOKEN consistently weathered big storms.,0.00144642908513,0.001264616800744
4,English,Rohde,high,NP1,0,stood,pl,near the captains,the sailor,captains,sailor,The man stood near the captains of the sailor who MASKTOKEN consistently weathered big storms.,The man stood near the captains of the sailor who,$PL,The man stood near the captains of the sailor who MASKTOKEN consistently weathered big storms.,0.002392719676265,0.001467758956906
5,English,Rohde,high,NP1,1,corrected,sg,the secretary,the lawyers,secretary,lawyers,The woman corrected the secretary of the lawyers who MASKTOKEN occasionally made small mistakes.,The woman corrected the secretary of the lawyers who,$SG,The woman corrected the secretary of the lawyers who MASKTOKEN occasionally made small mistakes.,0.002312632359118,0.001623097446551
5,English,Rohde,low,NP2,1,corrected,sg,the secretary,the lawyer,secretaries,lawyer,The woman corrected the secretaries of the lawyer who MASKTOKEN occasionally made small mistakes.,The woman corrected the secretaries of the lawyer who,$SG,The woman corrected the secretaries of the lawyer who MASKTOKEN occasionally made small mistakes.,0.000738957687598,0.001386423284781
5,English,Rohde,low,NP2,1,corrected,pl,the secretary,the lawyers,secretary,lawyers,The woman corrected the secretary of the lawyers who MASKTOKEN occasionally made small mistakes.,The woman corrected the secretary of the lawyers who,$PL,The woman corrected the secretary of the lawyers who MASKTOKEN occasionally made small mistakes.,0.004778360795584,0.002950038294915
5,English,Rohde,high,NP1,1,corrected,pl,the secretaries,the lawyer,secretaries,lawyer,The woman corrected the secretaries of the lawyer who MASKTOKEN occasionally made small mistakes.,The woman corrected the secretaries of the lawyer who,$PL,The woman corrected the secretaries of the lawyer who MASKTOKEN occasionally made small mistakes.,0.003390307479657,0.006434432097675
5,English,Rohde,high,NP1,0,gossiped,sg,with the secretary,the lawyers,secretary,lawyers,The woman gossiped with the secretary of the lawyers who MASKTOKEN occasionally made small mistakes.,The woman gossiped with the secretary of the lawyers who,$SG,The woman gossiped with the secretary of the lawyers who MASKTOKEN occasionally made small mistakes.,0.00389011700939,0.00317261206957
5,English,Rohde,low,NP2,0,gossiped,sg,with the secretaries,the lawyer,secretaries,lawyer,The woman gossiped with the secretaries of the lawyer who MASKTOKEN occasionally made small mistakes.,The woman gossiped with the secretaries of the lawyer who,$SG,The woman gossiped with the secretaries of the lawyer who MASKTOKEN occasionally made small mistakes.,0.001204315537186,0.00123902140046
5,English,Rohde,low,NP2,0,gossiped,pl,with the secretary,the lawyers,secretary,lawyers,The woman gossiped with the secretary of the lawyers who MASKTOKEN occasionally made small mistakes.,The woman gossiped with the secretary of the lawyers who,$PL,The woman gossiped with the secretary of the lawyers who MASKTOKEN occasionally made small mistakes.,0.007844103238578,0.002551830000685
5,English,Rohde,high,NP1,0,gossiped,pl,with the secretaries,the lawyer,secretaries,lawyer,The woman gossiped with the secretaries of the lawyer who MASKTOKEN occasionally made small mistakes.,The woman gossiped with the secretaries of the lawyer who,$PL,The woman gossiped with the secretaries of the lawyer who MASKTOKEN occasionally made small mistakes.,0.011453219355346,0.006376750478335
6,English,Rohde,high,NP1,1,comforted,sg,the leader,the activists,leader,activists,The man comforted the leader of the activists who MASKTOKEN deeply disappointed by the court's decision.,The man comforted the leader of the activists who,$SG,The man comforted the leader of the activists who MASKTOKEN deeply disappointed by the court's decision.,0.900417041724776,0.841820839643158
6,English,Rohde,low,NP2,1,comforted,sg,the leaders,the activist,leaders,activist,The man comforted the leaders of the activist who MASKTOKEN deeply disappointed by the court's decision.,The man comforted the leaders of the activist who,$SG,The man comforted the leaders of the activist who MASKTOKEN deeply disappointed by the court's decision.,0.05088228587415,0.018740872072305
6,English,Rohde,low,NP2,1,comforted,pl,the leader,the activists,leader,activists,The man comforted the leader of the activists who MASKTOKEN deeply disappointed by the court's decision.,The man comforted the leader of the activists who,$PL,The man comforted the leader of the activists who MASKTOKEN deeply disappointed by the court's decision.,0.059108812639821,0.111624155276051
6,English,Rohde,high,NP1,1,comforted,pl,the leaders,the activist,leaders,activist,The man comforted the leaders of the activist who MASKTOKEN deeply disappointed by the court's decision.,The man comforted the leaders of the activist who,$PL,The man comforted the leaders of the activist who MASKTOKEN deeply disappointed by the court's decision.,0.909653389110622,0.938997480205229
6,English,Rohde,high,NP1,0,greeted,sg,the leader,the activists,leader,activists,The man greeted the leader of the activists who MASKTOKEN deeply disappointed by the court's decision.,The man greeted the leader of the activists who,$SG,The man greeted the leader of the activists who MASKTOKEN deeply disappointed by the court's decision.,0.819208857929205,0.607335360989898
6,English,Rohde,low,NP2,0,greeted,sg,the leaders,the activist,leaders,activist,The man greeted the leaders of the activist who MASKTOKEN deeply disappointed by the court's decision.,The man greeted the leaders of the activist who,$SG,The man greeted the leaders of the activist who MASKTOKEN deeply disappointed by the court's decision.,0.044987048345652,0.039099263166846
6,English,Rohde,low,NP2,0,greeted,pl,the leader,the activists,leader,activists,The man greeted the leader of the activists who MASKTOKEN deeply disappointed by the court's decision.,The man greeted the leader of the activists who,$PL,The man greeted the leader of the activists who MASKTOKEN deeply disappointed by the court's decision.,0.115512870081179,0.318765428803237
6,English,Rohde,high,NP1,0,greeted,pl,the leaders,the activist,leaders,activist,The man greeted the leaders of the activist who MASKTOKEN deeply disappointed by the court's decision.,The man greeted the leaders of the activist who,$PL,The man greeted the leaders of the activist who MASKTOKEN deeply disappointed by the court's decision.,0.8949137257035,0.879121864057935
7,English,Rohde,high,NP1,1,envies,sg,the manager,the cashiers,manager,cashiers,The woman envies the manager of the cashiers who MASKTOKEN supposedly received a huge raise.,The woman envies the manager of the cashiers who,$SG,The woman envies the manager of the cashiers who MASKTOKEN supposedly received a huge raise.,0.000692394235456,0.001891966035332
7,English,Rohde,low,NP2,1,envies,sg,the managers,the cashier,managers,cashier,The woman envies the managers of the cashier who MASKTOKEN supposedly received a huge raise.,The woman envies the managers of the cashier who,$SG,The woman envies the managers of the cashier who MASKTOKEN supposedly received a huge raise.,0.000257143484446,0.001388171935991
7,English,Rohde,low,NP2,1,envies,pl,the manager,the cashiers,manager,cashiers,The woman envies the manager of the cashiers who MASKTOKEN supposedly received a huge raise.,The woman envies the manager of the cashiers who,$PL,The woman envies the manager of the cashiers who MASKTOKEN supposedly received a huge raise.,0.000106117057748,0.000806183345498
7,English,Rohde,high,NP1,1,envies,pl,the managers,the cashier,managers,cashier,The woman envies the managers of the cashier who MASKTOKEN supposedly received a huge raise.,The woman envies the managers of the cashier who,$PL,The woman envies the managers of the cashier who MASKTOKEN supposedly received a huge raise.,0.001768353348243,0.001873870716769
7,English,Rohde,high,NP1,0,knows,sg,the manager,the cashiers,manager,cashiers,The woman knows the manager of the cashiers who MASKTOKEN supposedly received a huge raise.,The woman knows the manager of the cashiers who,$SG,The woman knows the manager of the cashiers who MASKTOKEN supposedly received a huge raise.,0.001191936996436,0.004853965460616
7,English,Rohde,low,NP2,0,knows,sg,the managers,the cashier,managers,cashier,The woman knows the managers of the cashier who MASKTOKEN supposedly received a huge raise.,The woman knows the managers of the cashier who,$SG,The woman knows the managers of the cashier who MASKTOKEN supposedly received a huge raise.,0.001473805710076,0.006072420319552
7,English,Rohde,low,NP2,0,knows,pl,the manager,the cashiers,manager,cashiers,The woman knows the manager of the cashiers who MASKTOKEN supposedly received a huge raise.,The woman knows the manager of the cashiers who,$PL,The woman knows the manager of the cashiers who MASKTOKEN supposedly received a huge raise.,0.000229754676183,0.00134211029922
7,English,Rohde,high,NP1,0,knows,pl,the managers,the cashier,managers,cashier,The woman knows the managers of the cashier who MASKTOKEN supposedly received a huge raise.,The woman knows the managers of the cashier who,$PL,The woman knows the managers of the cashier who MASKTOKEN supposedly received a huge raise.,0.001282065520546,0.002449208069319
8,English,Rohde,high,NP1,1,valued,sg,the daughter,the shopkeepers,daughter,shopkeepers,The man valued the daughter of the shopkeepers who MASKTOKEN usually willing to spot him a few dollars.,The man valued the daughter of the shopkeepers who,$SG,The man valued the daughter of the shopkeepers who MASKTOKEN usually willing to spot him a few dollars.,0.015907099160056,0.137328685905337
8,English,Rohde,low,NP2,1,valued,sg,the daughters,the shopkeeper,daughters,shopkeeper,The man valued the daughters of the shopkeeper who MASKTOKEN usually willing to spot him a few dollars.,The man valued the daughters of the shopkeeper who,$SG,The man valued the daughters of the shopkeeper who MASKTOKEN usually willing to spot him a few dollars.,0.993819888024973,0.392234390614099
8,English,Rohde,low,NP2,1,valued,pl,the daughter,the shopkeepers,daughter,shopkeepers,The man valued the daughter of the shopkeepers who MASKTOKEN usually willing to spot him a few dollars.,The man valued the daughter of the shopkeepers who,$PL,The man valued the daughter of the shopkeepers who MASKTOKEN usually willing to spot him a few dollars.,0.983607152426043,0.860834699942826
8,English,Rohde,high,NP1,1,valued,pl,the daughters,the shopkeeper,daughters,shopkeeper,The man valued the daughters of the shopkeeper who MASKTOKEN usually willing to spot him a few dollars.,The man valued the daughters of the shopkeeper who,$PL,The man valued the daughters of the shopkeeper who MASKTOKEN usually willing to spot him a few dollars.,0.005436686477978,0.606386798484976
8,English,Rohde,high,NP1,0,recognized,sg,the daughter,the shopkeepers,daughter,shopkeepers,The man recognized the daughter of the shopkeepers who MASKTOKEN usually willing to spot him a few dollars.,The man recognized the daughter of the shopkeepers who,$SG,The man recognized the daughter of the shopkeepers who MASKTOKEN usually willing to spot him a few dollars.,0.080356374328017,0.284212534486076
8,English,Rohde,low,NP2,0,recognized,sg,the daughters,the shopkeeper,daughters,shopkeeper,The man recognized the daughters of the shopkeeper who MASKTOKEN usually willing to spot him a few dollars.,The man recognized the daughters of the shopkeeper who,$SG,The man recognized the daughters of the shopkeeper who MASKTOKEN usually willing to spot him a few dollars.,0.917880234021318,0.121174354891742
8,English,Rohde,low,NP2,0,recognized,pl,the daughter,the shopkeepers,daughter,shopkeepers,The man recognized the daughter of the shopkeepers who MASKTOKEN usually willing to spot him a few dollars.,The man recognized the daughter of the shopkeepers who,$PL,The man recognized the daughter of the shopkeepers who MASKTOKEN usually willing to spot him a few dollars.,0.919104129553814,0.714075761717286
8,English,Rohde,high,NP1,0,recognized,pl,the daughters,the shopkeeper,daughters,shopkeeper,The man recognized the daughters of the shopkeeper who MASKTOKEN usually willing to spot him a few dollars.,The man recognized the daughters of the shopkeeper who,$PL,The man recognized the daughters of the shopkeeper who MASKTOKEN usually willing to spot him a few dollars.,0.081194814003817,0.877123788822908
9,English,Rohde,high,NP1,1,fears,sg,the uncle,the toddlers,uncle,toddlers,The woman fears the uncle of the toddlers who MASKTOKEN often heard yelling and screaming.,The woman fears the uncle of the toddlers who,$SG,The woman fears the uncle of the toddlers who MASKTOKEN often heard yelling and screaming.,0.396231816001156,0.014330394478795
9,English,Rohde,low,NP2,1,fears,sg,the uncles,the toddler,uncles,toddler,The woman fears the uncles of the toddler who MASKTOKEN often heard yelling and screaming.,The woman fears the uncles of the toddler who,$SG,The woman fears the uncles of the toddler who MASKTOKEN often heard yelling and screaming.,0.919516512943639,0.127615586856596
9,English,Rohde,low,NP2,1,fears,pl,the uncle,the toddlers,uncle,toddlers,The woman fears the uncle of the toddlers who MASKTOKEN often heard yelling and screaming.,The woman fears the uncle of the toddlers who,$PL,The woman fears the uncle of the toddlers who MASKTOKEN often heard yelling and screaming.,0.59819791833046,0.955558137031681
9,English,Rohde,high,NP1,1,fears,pl,the uncles,the toddler,uncles,toddler,The woman fears the uncles of the toddler who MASKTOKEN often heard yelling and screaming.,The woman fears the uncles of the toddler who,$PL,The woman fears the uncles of the toddler who MASKTOKEN often heard yelling and screaming.,0.075377658689865,0.836172058463633
9,English,Rohde,high,NP1,0,jogs,sg,with the uncle,the toddlers,uncle,toddlers,The woman jogs with the uncle of the toddlers who MASKTOKEN often heard yelling and screaming.,The woman jogs with the uncle of the toddlers who,$SG,The woman jogs with the uncle of the toddlers who MASKTOKEN often heard yelling and screaming.,0.187250857263195,0.151748654568469
9,English,Rohde,low,NP2,0,jogs,sg,with the uncles,the toddler,uncles,toddler,The woman jogs with the uncles of the toddler who MASKTOKEN often heard yelling and screaming.,The woman jogs with the uncles of the toddler who,$SG,The woman jogs with the uncles of the toddler who MASKTOKEN often heard yelling and screaming.,0.894446740357261,0.387089379557523
9,English,Rohde,low,NP2,0,jogs,pl,with the uncle,the toddlers,uncle,toddlers,The woman jogs with the uncle of the toddlers who MASKTOKEN often heard yelling and screaming.,The woman jogs with the uncle of the toddlers who,$PL,The woman jogs with the uncle of the toddlers who MASKTOKEN often heard yelling and screaming.,0.810587093996203,0.815543449798116
9,English,Rohde,high,NP1,0,jogs,pl,with the uncles,the toddler,uncles,toddler,The woman jogs with the uncles of the toddler who MASKTOKEN often heard yelling and screaming.,The woman jogs with the uncles of the toddler who,$PL,The woman jogs with the uncles of the toddler who MASKTOKEN often heard yelling and screaming.,0.102837727399545,0.575483717492561
10,English,Rohde,high,NP1,1,noticed,sg,the representative,the employees,representative,employees,The man noticed the representative of the employees who MASKTOKEN always wearing safety goggles.,The man noticed the representative of the employees who,$SG,The man noticed the representative of the employees who MASKTOKEN always wearing safety goggles.,0.072604507280458,0.463346002289168
10,English,Rohde,low,NP2,1,noticed,sg,the representatives,the employee,representatives,employee,The man noticed the representatives of the employee who MASKTOKEN always wearing safety goggles.,The man noticed the representatives of the employee who,$SG,The man noticed the representatives of the employee who MASKTOKEN always wearing safety goggles.,0.982656388745881,0.525899973119327
10,English,Rohde,low,NP2,1,noticed,pl,the representative,the employees,representative,employees,The man noticed the representative of the employees who MASKTOKEN always wearing safety goggles.,The man noticed the representative of the employees who,$PL,The man noticed the representative of the employees who MASKTOKEN always wearing safety goggles.,0.926097832032907,0.526182089454158
10,English,Rohde,high,NP1,1,noticed,pl,the representatives,the employee,representatives,employee,The man noticed the representatives of the employee who MASKTOKEN always wearing safety goggles.,The man noticed the representatives of the employee who,$PL,The man noticed the representatives of the employee who MASKTOKEN always wearing safety goggles.,0.016377355415205,0.463935190953245
10,English,Rohde,high,NP1,0,resembled,sg,the representative,the employees,representative,employees,The man resembled the representative of the employees who MASKTOKEN always wearing safety goggles.,The man resembled the representative of the employees who,$SG,The man resembled the representative of the employees who MASKTOKEN always wearing safety goggles.,0.133686642724877,0.094801599894523
10,English,Rohde,low,NP2,0,resembled,sg,the representatives,the employee,representatives,employee,The man resembled the representatives of the employee who MASKTOKEN always wearing safety goggles.,The man resembled the representatives of the employee who,$SG,The man resembled the representatives of the employee who MASKTOKEN always wearing safety goggles.,0.988660418383791,0.655073335829594
10,English,Rohde,low,NP2,0,resembled,pl,the representative,the employees,representative,employees,The man resembled the representative of the employees who MASKTOKEN always wearing safety goggles.,The man resembled the representative of the employees who,$PL,The man resembled the representative of the employees who MASKTOKEN always wearing safety goggles.,0.865639631683593,0.899165148715375
10,English,Rohde,high,NP1,0,resembled,pl,the representatives,the employee,representatives,employee,The man resembled the representatives of the employee who MASKTOKEN always wearing safety goggles.,The man resembled the representatives of the employee who,$PL,The man resembled the representatives of the employee who MASKTOKEN always wearing safety goggles.,0.010660058799867,0.337353759014238
11,English,Rohde,high,NP1,1,praised,sg,the gardener,the millionaires,gardener,millionaires,The woman praised the gardener of the millionaires who MASKTOKEN recently installed a solar powered sprinkler.,The woman praised the gardener of the millionaires who,$SG,The woman praised the gardener of the millionaires who MASKTOKEN recently installed a solar powered sprinkler.,0.000118810697738,0.002577334730244
11,English,Rohde,low,NP2,1,praised,sg,the gardeners,the millionaire,gardeners,millionaire,The woman praised the gardeners of the millionaire who MASKTOKEN recently installed a solar powered sprinkler.,The woman praised the gardeners of the millionaire who,$SG,The woman praised the gardeners of the millionaire who MASKTOKEN recently installed a solar powered sprinkler.,0.000113092827086,0.003979169203786
11,English,Rohde,low,NP2,1,praised,pl,the gardener,the millionaires,gardener,millionaires,The woman praised the gardener of the millionaires who MASKTOKEN recently installed a solar powered sprinkler.,The woman praised the gardener of the millionaires who,$PL,The woman praised the gardener of the millionaires who MASKTOKEN recently installed a solar powered sprinkler.,0.000229119814961,0.000185776062315
11,English,Rohde,high,NP1,1,praised,pl,the gardeners,the millionaire,gardeners,millionaire,The woman praised the gardeners of the millionaire who MASKTOKEN recently installed a solar powered sprinkler.,The woman praised the gardeners of the millionaire who,$PL,The woman praised the gardeners of the millionaire who MASKTOKEN recently installed a solar powered sprinkler.,0.000184778110228,0.000889521763848
11,English,Rohde,high,NP1,0,met,sg,the gardener,the millionaires,gardener,millionaires,The woman met the gardener of the millionaires who MASKTOKEN recently installed a solar powered sprinkler.,The woman met the gardener of the millionaires who,$SG,The woman met the gardener of the millionaires who MASKTOKEN recently installed a solar powered sprinkler.,0.000154008575178,0.001709453122017
11,English,Rohde,low,NP2,0,met,sg,the gardeners,the millionaire,gardeners,millionaire,The woman met the gardeners of the millionaire who MASKTOKEN recently installed a solar powered sprinkler.,The woman met the gardeners of the millionaire who,$SG,The woman met the gardeners of the millionaire who MASKTOKEN recently installed a solar powered sprinkler.,0.0001641039933,0.001463155400215
11,English,Rohde,low,NP2,0,met,pl,the gardener,the millionaires,gardener,millionaires,The woman met the gardener of the millionaires who MASKTOKEN recently installed a solar powered sprinkler.,The woman met the gardener of the millionaires who,$PL,The woman met the gardener of the millionaires who MASKTOKEN recently installed a solar powered sprinkler.,4.79905621355182E-05,0.000105294730616
11,English,Rohde,high,NP1,0,met,pl,the gardeners,the millionaire,gardeners,millionaire,The woman met the gardeners of the millionaire who MASKTOKEN recently installed a solar powered sprinkler.,The woman met the gardeners of the millionaire who,$PL,The woman met the gardeners of the millionaire who MASKTOKEN recently installed a solar powered sprinkler.,7.13144408783558E-05,0.000937429401544
12,English,Rohde,high,NP1,1,hates,sg,the cousin,the accountants,cousin,accountants,The man hates the cousin of the accountants who MASKTOKEN forever telling the same tasteless jokes.,The man hates the cousin of the accountants who,$SG,The man hates the cousin of the accountants who MASKTOKEN forever telling the same tasteless jokes.,0.115444830906467,0.322382806180236
12,English,Rohde,low,NP2,1,hates,sg,the cousins,the accountant,cousins,accountant,The man hates the cousins of the accountant who MASKTOKEN forever telling the same tasteless jokes.,The man hates the cousins of the accountant who,$SG,The man hates the cousins of the accountant who MASKTOKEN forever telling the same tasteless jokes.,0.92969931781733,0.172508463250951
12,English,Rohde,low,NP2,1,hates,pl,the cousin,the accountants,cousin,accountants,The man hates the cousin of the accountants who MASKTOKEN forever telling the same tasteless jokes.,The man hates the cousin of the accountants who,$PL,The man hates the cousin of the accountants who MASKTOKEN forever telling the same tasteless jokes.,0.87386078534563,0.655205254812554
12,English,Rohde,high,NP1,1,hates,pl,the cousins,the accountant,cousins,accountant,The man hates the cousins of the accountant who MASKTOKEN forever telling the same tasteless jokes.,The man hates the cousins of the accountant who,$PL,The man hates the cousins of the accountant who MASKTOKEN forever telling the same tasteless jokes.,0.064442562886684,0.803766078591274
12,English,Rohde,high,NP1,0,carpools,sg,with the cousin,the accountants,cousin,accountants,The man carpools with the cousin of the accountants who MASKTOKEN forever telling the same tasteless jokes.,The man carpools with the cousin of the accountants who,$SG,The man carpools with the cousin of the accountants who MASKTOKEN forever telling the same tasteless jokes.,0.108116010824706,0.639407363754515
12,English,Rohde,low,NP2,0,carpools,sg,with the cousins,the accountant,cousins,accountant,The man carpools with the cousins of the accountant who MASKTOKEN forever telling the same tasteless jokes.,The man carpools with the cousins of the accountant who,$SG,The man carpools with the cousins of the accountant who MASKTOKEN forever telling the same tasteless jokes.,0.619364096283768,0.178607256617912
12,English,Rohde,low,NP2,0,carpools,pl,with the cousin,the accountants,cousin,accountants,The man carpools with the cousin of the accountants who MASKTOKEN forever telling the same tasteless jokes.,The man carpools with the cousin of the accountants who,$PL,The man carpools with the cousin of the accountants who MASKTOKEN forever telling the same tasteless jokes.,0.881800615925647,0.314795445487642
12,English,Rohde,high,NP1,0,carpools,pl,with the cousins,the accountant,cousins,accountant,The man carpools with the cousins of the accountant who MASKTOKEN forever telling the same tasteless jokes.,The man carpools with the cousins of the accountant who,$PL,The man carpools with the cousins of the accountant who MASKTOKEN forever telling the same tasteless jokes.,0.371511316186529,0.801511278785798
13,English,Rohde,high,NP1,1,blamed,sg,the niece,the florists,niece,florists,The woman blamed the niece of the florists who MASKTOKEN repeatedly ruined expensive orchids.,The woman blamed the niece of the florists who,$SG,The woman blamed the niece of the florists who MASKTOKEN repeatedly ruined expensive orchids.,3.03736173859761E-05,0.000127735926388
13,English,Rohde,low,NP2,1,blamed,sg,the nieces,the florist,nieces,florist,The woman blamed the nieces of the florist who MASKTOKEN repeatedly ruined expensive orchids.,The woman blamed the nieces of the florist who,$SG,The woman blamed the nieces of the florist who MASKTOKEN repeatedly ruined expensive orchids.,6.00880918708011E-05,0.000109506550527
13,English,Rohde,low,NP2,1,blamed,pl,the niece,the florists,niece,florists,The woman blamed the niece of the florists who MASKTOKEN repeatedly ruined expensive orchids.,The woman blamed the niece of the florists who,$PL,The woman blamed the niece of the florists who MASKTOKEN repeatedly ruined expensive orchids.,0.000680520670766,0.000480037495215
13,English,Rohde,high,NP1,1,blamed,pl,the nieces,the florist,nieces,florist,The woman blamed the nieces of the florist who MASKTOKEN repeatedly ruined expensive orchids.,The woman blamed the nieces of the florist who,$PL,The woman blamed the nieces of the florist who MASKTOKEN repeatedly ruined expensive orchids.,0.000531477814034,0.000732060701328
13,English,Rohde,high,NP1,0,waited,sg,with the niece,the florists,niece,florists,The woman waited with the niece of the florists who MASKTOKEN repeatedly ruined expensive orchids.,The woman waited with the niece of the florists who,$SG,The woman waited with the niece of the florists who MASKTOKEN repeatedly ruined expensive orchids.,1.9582203518212E-05,0.000146877252215
13,English,Rohde,low,NP2,0,waited,sg,with the nieces,the florist,nieces,florist,The woman waited with the nieces of the florist who MASKTOKEN repeatedly ruined expensive orchids.,The woman waited with the nieces of the florist who,$SG,The woman waited with the nieces of the florist who MASKTOKEN repeatedly ruined expensive orchids.,9.74051525245642E-05,0.000624381918798
13,English,Rohde,low,NP2,0,waited,pl,with the niece,the florists,niece,florists,The woman waited with the niece of the florists who MASKTOKEN repeatedly ruined expensive orchids.,The woman waited with the niece of the florists who,$PL,The woman waited with the niece of the florists who MASKTOKEN repeatedly ruined expensive orchids.,0.000908884698448,0.000733156569576
13,English,Rohde,high,NP1,0,waited,pl,with the nieces,the florist,nieces,florist,The woman waited with the nieces of the florist who MASKTOKEN repeatedly ruined expensive orchids.,The woman waited with the nieces of the florist who,$PL,The woman waited with the nieces of the florist who MASKTOKEN repeatedly ruined expensive orchids.,0.000449064489494,0.000436812674269
14,English,Rohde,high,NP1,1,helped,sg,the brother,the athletes,brother,athletes,The man helped the brother of the athletes who MASKTOKEN perpetually failing math class.,The man helped the brother of the athletes who,$SG,The man helped the brother of the athletes who MASKTOKEN perpetually failing math class.,0.021044357745818,0.20374528584942
14,English,Rohde,low,NP2,1,helped,sg,the brothers,the athlete,brothers,athlete,The man helped the brothers of the athlete who MASKTOKEN perpetually failing math class.,The man helped the brothers of the athlete who,$SG,The man helped the brothers of the athlete who MASKTOKEN perpetually failing math class.,0.991298432441643,0.946923256998067
14,English,Rohde,low,NP2,1,helped,pl,the brother,the athletes,brother,athletes,The man helped the brother of the athletes who MASKTOKEN perpetually failing math class.,The man helped the brother of the athletes who,$PL,The man helped the brother of the athletes who MASKTOKEN perpetually failing math class.,0.971599401685056,0.779238398911758
14,English,Rohde,high,NP1,1,helped,pl,the brothers,the athlete,brothers,athlete,The man helped the brothers of the athlete who MASKTOKEN perpetually failing math class.,The man helped the brothers of the athlete who,$PL,The man helped the brothers of the athlete who MASKTOKEN perpetually failing math class.,0.002782090740464,0.029502811063883
14,English,Rohde,high,NP1,0,ran,sg,into the brother,the athletes,brother,athletes,The man ran into the brother of the athletes who MASKTOKEN perpetually failing math class.,The man ran into the brother of the athletes who,$SG,The man ran into the brother of the athletes who MASKTOKEN perpetually failing math class.,0.021932281996265,0.058367488176353
14,English,Rohde,low,NP2,0,ran,sg,into the brothers,the athlete,brothers,athlete,The man ran into the brothers of the athlete who MASKTOKEN perpetually failing math class.,The man ran into the brothers of the athlete who,$SG,The man ran into the brothers of the athlete who MASKTOKEN perpetually failing math class.,0.997478115096286,0.946401911158071
14,English,Rohde,low,NP2,0,ran,pl,into the brother,the athletes,brother,athletes,The man ran into the brother of the athletes who MASKTOKEN perpetually failing math class.,The man ran into the brother of the athletes who,$PL,The man ran into the brother of the athletes who MASKTOKEN perpetually failing math class.,0.975155389518853,0.92199309590751
14,English,Rohde,high,NP1,0,ran,pl,into the brothers,the athlete,brothers,athlete,The man ran into the brothers of the athlete who MASKTOKEN perpetually failing math class.,The man ran into the brothers of the athlete who,$PL,The man ran into the brothers of the athlete who MASKTOKEN perpetually failing math class.,0.000724257027289,0.014931751282187
15,English,Rohde,high,NP1,1,reproached,sg,the doctors,the supermodels,doctors,supermodels,The woman reproached the doctors of the supermodels who MASKTOKEN adamantly in favor of plastic surgery.,The woman reproached the doctors of the supermodels who,$SG,The woman reproached the doctors of the supermodels who MASKTOKEN adamantly in favor of plastic surgery.,0.007059383719325,0.010893833322792
15,English,Rohde,low,NP2,1,reproached,sg,the doctors,the supermodel,doctors,supermodel,The woman reproached the doctors of the supermodel who MASKTOKEN adamantly in favor of plastic surgery.,The woman reproached the doctors of the supermodel who,$SG,The woman reproached the doctors of the supermodel who MASKTOKEN adamantly in favor of plastic surgery.,0.574939347173377,0.041410708282977
15,English,Rohde,low,NP2,1,reproached,pl,the doctors,the supermodels,doctors,supermodels,The woman reproached the doctors of the supermodels who MASKTOKEN adamantly in favor of plastic surgery.,The woman reproached the doctors of the supermodels who,$PL,The woman reproached the doctors of the supermodels who MASKTOKEN adamantly in favor of plastic surgery.,0.961937754353873,0.796050706065885
15,English,Rohde,high,NP1,1,reproached,pl,the doctors,the supermodel,doctors,supermodel,The woman reproached the doctors of the supermodel who MASKTOKEN adamantly in favor of plastic surgery.,The woman reproached the doctors of the supermodel who,$PL,The woman reproached the doctors of the supermodel who MASKTOKEN adamantly in favor of plastic surgery.,0.368430051271586,0.766770338077849
15,English,Rohde,high,NP1,0,worked,sg,with the doctors,the supermodels,doctors,supermodels,The woman worked with the doctors of the supermodels who MASKTOKEN adamantly in favor of plastic surgery.,The woman worked with the doctors of the supermodels who,$SG,The woman worked with the doctors of the supermodels who MASKTOKEN adamantly in favor of plastic surgery.,0.009572401385828,0.010873787348345
15,English,Rohde,low,NP2,0,worked,sg,with the doctors,the supermodel,doctors,supermodel,The woman worked with the doctors of the supermodel who MASKTOKEN adamantly in favor of plastic surgery.,The woman worked with the doctors of the supermodel who,$SG,The woman worked with the doctors of the supermodel who MASKTOKEN adamantly in favor of plastic surgery.,0.064923336227913,0.046482960903538
15,English,Rohde,low,NP2,0,worked,pl,with the doctors,the supermodels,doctors,supermodels,The woman worked with the doctors of the supermodels who MASKTOKEN adamantly in favor of plastic surgery.,The woman worked with the doctors of the supermodels who,$PL,The woman worked with the doctors of the supermodels who MASKTOKEN adamantly in favor of plastic surgery.,0.976046679893655,0.927315109945476
15,English,Rohde,high,NP1,0,worked,pl,with the doctors,the supermodel,doctors,supermodel,The woman worked with the doctors of the supermodel who MASKTOKEN adamantly in favor of plastic surgery.,The woman worked with the doctors of the supermodel who,$PL,The woman worked with the doctors of the supermodel who MASKTOKEN adamantly in favor of plastic surgery.,0.916877775624162,0.881948329436423
16,English,Rohde,high,NP1,1,pacified,sg,the associate,the businessmen,associate,businessmen,The man pacified the associate of the businessmen who MASKTOKEN nearly bankrupted by the new tax policy.,The man pacified the associate of the businessmen who,$SG,The man pacified the associate of the businessmen who MASKTOKEN nearly bankrupted by the new tax policy.,0.004920658581717,0.013217365733544
16,English,Rohde,low,NP2,1,pacified,sg,the associates,the businessman,associates,businessman,The man pacified the associates of the businessman who MASKTOKEN nearly bankrupted by the new tax policy.,The man pacified the associates of the businessman who,$SG,The man pacified the associates of the businessman who MASKTOKEN nearly bankrupted by the new tax policy.,0.652934762276354,0.670709966894648
16,English,Rohde,low,NP2,1,pacified,pl,the associate,the businessmen,associate,businessmen,The man pacified the associate of the businessmen who MASKTOKEN nearly bankrupted by the new tax policy.,The man pacified the associate of the businessmen who,$PL,The man pacified the associate of the businessmen who MASKTOKEN nearly bankrupted by the new tax policy.,0.973223044168673,0.97115830466315
16,English,Rohde,high,NP1,1,pacified,pl,the associates,the businessman,associates,businessman,The man pacified the associates of the businessman who MASKTOKEN nearly bankrupted by the new tax policy.,The man pacified the associates of the businessman who,$PL,The man pacified the associates of the businessman who MASKTOKEN nearly bankrupted by the new tax policy.,0.318293862010579,0.311697848843988
16,English,Rohde,high,NP1,0,visited,sg,the associate,the businessmen,associate,businessmen,The man visited the associate of the businessmen who MASKTOKEN nearly bankrupted by the new tax policy.,The man visited the associate of the businessmen who,$SG,The man visited the associate of the businessmen who MASKTOKEN nearly bankrupted by the new tax policy.,0.006896709982805,0.110721092780911
16,English,Rohde,low,NP2,0,visited,sg,the associates,the businessman,associates,businessman,The man visited the associates of the businessman who MASKTOKEN nearly bankrupted by the new tax policy.,The man visited the associates of the businessman who,$SG,The man visited the associates of the businessman who MASKTOKEN nearly bankrupted by the new tax policy.,0.805650830627121,0.821116925354008
16,English,Rohde,low,NP2,0,visited,pl,the associate,the businessmen,associate,businessmen,The man visited the associate of the businessmen who MASKTOKEN nearly bankrupted by the new tax policy.,The man visited the associate of the businessmen who,$PL,The man visited the associate of the businessmen who MASKTOKEN nearly bankrupted by the new tax policy.,0.9788575326587,0.870121397436412
16,English,Rohde,high,NP1,0,visited,pl,the associates,the businessman,associates,businessman,The man visited the associates of the businessman who MASKTOKEN nearly bankrupted by the new tax policy.,The man visited the associates of the businessman who,$PL,The man visited the associates of the businessman who MASKTOKEN nearly bankrupted by the new tax policy.,0.175174268192075,0.163973902057489
17,English,Rohde,high,NP1,1,detests,sg,the child,the musicians,child,musicians,The woman detests the child of the musicians who MASKTOKEN generally arrogant and rude.,The woman detests the child of the musicians who,$SG,The woman detests the child of the musicians who MASKTOKEN generally arrogant and rude.,0.329392390273023,0.501201031981131
17,English,Rohde,low,NP2,1,detests,sg,the children,the musician,children,musician,The woman detests the children of the musician who MASKTOKEN generally arrogant and rude.,The woman detests the children of the musician who,$SG,The woman detests the children of the musician who MASKTOKEN generally arrogant and rude.,0.014908688985419,0.361408529565587
17,English,Rohde,low,NP2,1,detests,pl,the child,the musicians,child,musicians,The woman detests the child of the musicians who MASKTOKEN generally arrogant and rude.,The woman detests the child of the musicians who,$PL,The woman detests the child of the musicians who MASKTOKEN generally arrogant and rude.,0.667067962027381,0.49552804061674
17,English,Rohde,high,NP1,1,detests,pl,the children,the musician,children,musician,The woman detests the children of the musician who MASKTOKEN generally arrogant and rude.,The woman detests the children of the musician who,$PL,The woman detests the children of the musician who MASKTOKEN generally arrogant and rude.,0.983260417102741,0.636009684629599
17,English,Rohde,high,NP1,0,babysits,sg,the child,the musicians,child,musicians,The woman babysits the child of the musicians who MASKTOKEN generally arrogant and rude.,The woman babysits the child of the musicians who,$SG,The woman babysits the child of the musicians who MASKTOKEN generally arrogant and rude.,0.370924344696229,0.15632189447222
17,English,Rohde,low,NP2,0,babysits,sg,the children,the musician,children,musician,The woman babysits the children of the musician who MASKTOKEN generally arrogant and rude.,The woman babysits the children of the musician who,$SG,The woman babysits the children of the musician who MASKTOKEN generally arrogant and rude.,0.039745634917399,0.980645182903302
17,English,Rohde,low,NP2,0,babysits,pl,the child,the musicians,child,musicians,The woman babysits the child of the musicians who MASKTOKEN generally arrogant and rude.,The woman babysits the child of the musicians who,$PL,The woman babysits the child of the musicians who MASKTOKEN generally arrogant and rude.,0.626390373029545,0.841167062805235
17,English,Rohde,high,NP1,0,babysits,pl,the children,the musician,children,musician,The woman babysits the children of the musician who MASKTOKEN generally arrogant and rude.,The woman babysits the children of the musician who,$PL,The woman babysits the children of the musician who MASKTOKEN generally arrogant and rude.,0.958860926557717,0.014599134711452
18,English,Rohde,high,NP1,1,thanked,sg,the servant,the dictators,servant,dictators,The man thanked the servant of the dictators who MASKTOKEN lately been helping the poor.,The man thanked the servant of the dictators who,$SG,The man thanked the servant of the dictators who MASKTOKEN lately been helping the poor.,0.000155630683527,0.008754732148943
18,English,Rohde,low,NP2,1,thanked,sg,the servants,the dictator,servants,dictator,The man thanked the servants of the dictator who MASKTOKEN lately been helping the poor.,The man thanked the servants of the dictator who,$SG,The man thanked the servants of the dictator who MASKTOKEN lately been helping the poor.,6.98916265529787E-05,0.001891003764805
18,English,Rohde,low,NP2,1,thanked,pl,the servant,the dictators,servant,dictators,The man thanked the servant of the dictators who MASKTOKEN lately been helping the poor.,The man thanked the servant of the dictators who,$PL,The man thanked the servant of the dictators who MASKTOKEN lately been helping the poor.,0.001176192656796,0.004176995686072
18,English,Rohde,high,NP1,1,thanked,pl,the servants,the dictator,servants,dictator,The man thanked the servants of the dictator who MASKTOKEN lately been helping the poor.,The man thanked the servants of the dictator who,$PL,The man thanked the servants of the dictator who MASKTOKEN lately been helping the poor.,0.001375530080316,0.007736766010356
18,English,Rohde,high,NP1,0,talked,sg,to the servant,the dictators,servant,dictators,The man talked to the servant of the dictators who MASKTOKEN lately been helping the poor.,The man talked to the servant of the dictators who,$SG,The man talked to the servant of the dictators who MASKTOKEN lately been helping the poor.,0.000841118745974,0.006808078897051
18,English,Rohde,low,NP2,0,talked,sg,to the servants,the dictator,servants,dictator,The man talked to the servants of the dictator who MASKTOKEN lately been helping the poor.,The man talked to the servants of the dictator who,$SG,The man talked to the servants of the dictator who MASKTOKEN lately been helping the poor.,7.91496319278995E-05,0.001218796034279
18,English,Rohde,low,NP2,0,talked,pl,to the servant,the dictators,servant,dictators,The man talked to the servant of the dictators who MASKTOKEN lately been helping the poor.,The man talked to the servant of the dictators who,$PL,The man talked to the servant of the dictators who MASKTOKEN lately been helping the poor.,0.000530247463581,0.000548162526616
18,English,Rohde,high,NP1,0,talked,pl,to the servants,the dictator,servants,dictator,The man talked to the servants of the dictator who MASKTOKEN lately been helping the poor.,The man talked to the servants of the dictator who,$PL,The man talked to the servants of the dictator who MASKTOKEN lately been helping the poor.,0.001828901983013,0.005319072736396
19,English,Rohde,high,NP1,1,congratulated,sg,the bodyguard,the celebrities,bodyguard,celebrities,The woman congratulated the bodyguard of the celebrities who MASKTOKEN constantly fighting off the paparazzi.,The woman congratulated the bodyguard of the celebrities who,$SG,The woman congratulated the bodyguard of the celebrities who MASKTOKEN constantly fighting off the paparazzi.,0.033108413435517,0.344446301655063
19,English,Rohde,low,NP2,1,congratulated,sg,the bodyguards,the celebrity,bodyguards,celebrity,The woman congratulated the bodyguards of the celebrity who MASKTOKEN constantly fighting off the paparazzi.,The woman congratulated the bodyguards of the celebrity who,$SG,The woman congratulated the bodyguards of the celebrity who MASKTOKEN constantly fighting off the paparazzi.,0.592655279461188,0.416928884214907
19,English,Rohde,low,NP2,1,congratulated,pl,the bodyguard,the celebrities,bodyguard,celebrities,The woman congratulated the bodyguard of the celebrities who MASKTOKEN constantly fighting off the paparazzi.,The woman congratulated the bodyguard of the celebrities who,$PL,The woman congratulated the bodyguard of the celebrities who MASKTOKEN constantly fighting off the paparazzi.,0.964153684727917,0.64993178337405
19,English,Rohde,high,NP1,1,congratulated,pl,the bodyguards,the celebrity,bodyguards,celebrity,The woman congratulated the bodyguards of the celebrity who MASKTOKEN constantly fighting off the paparazzi.,The woman congratulated the bodyguards of the celebrity who,$PL,The woman congratulated the bodyguards of the celebrity who MASKTOKEN constantly fighting off the paparazzi.,0.404327567373583,0.576764903617013
19,English,Rohde,high,NP1,0,chatted,sg,with the bodyguard,the celebrities,bodyguard,celebrities,The woman chatted with the bodyguard of the celebrities who MASKTOKEN constantly fighting off the paparazzi.,The woman chatted with the bodyguard of the celebrities who,$SG,The woman chatted with the bodyguard of the celebrities who MASKTOKEN constantly fighting off the paparazzi.,0.161971963844567,0.173493743729149
19,English,Rohde,low,NP2,0,chatted,sg,with the bodyguards,the celebrity,bodyguards,celebrity,The woman chatted with the bodyguards of the celebrity who MASKTOKEN constantly fighting off the paparazzi.,The woman chatted with the bodyguards of the celebrity who,$SG,The woman chatted with the bodyguards of the celebrity who MASKTOKEN constantly fighting off the paparazzi.,0.328453403081171,0.376820529730209
19,English,Rohde,low,NP2,0,chatted,pl,with the bodyguard,the celebrities,bodyguard,celebrities,The woman chatted with the bodyguard of the celebrities who MASKTOKEN constantly fighting off the paparazzi.,The woman chatted with the bodyguard of the celebrities who,$PL,The woman chatted with the bodyguard of the celebrities who MASKTOKEN constantly fighting off the paparazzi.,0.836086576265168,0.820259531485489
19,English,Rohde,high,NP1,0,chatted,pl,with the bodyguards,the celebrity,bodyguards,celebrity,The woman chatted with the bodyguards of the celebrity who MASKTOKEN constantly fighting off the paparazzi.,The woman chatted with the bodyguards of the celebrity who,$PL,The woman chatted with the bodyguards of the celebrity who MASKTOKEN constantly fighting off the paparazzi.,0.669554441990104,0.616559510891853
20,English,Rohde,high,NP1,1,mocked,sg,the fan,the singers,fan,singers,The man mocked the fan of the singers who MASKTOKEN continually stage diving and getting hurt.,The man mocked the fan of the singers who,$SG,The man mocked the fan of the singers who MASKTOKEN continually stage diving and getting hurt.,0.027529307030759,0.636204862449558
20,English,Rohde,low,NP2,1,mocked,sg,the fans,the singer,fans,singer,The man mocked the fans of the singer who MASKTOKEN continually stage diving and getting hurt.,The man mocked the fans of the singer who,$SG,The man mocked the fans of the singer who MASKTOKEN continually stage diving and getting hurt.,0.042689681542852,0.15819406775801
20,English,Rohde,low,NP2,1,mocked,pl,the fan,the singers,fan,singers,The man mocked the fan of the singers who MASKTOKEN continually stage diving and getting hurt.,The man mocked the fan of the singers who,$PL,The man mocked the fan of the singers who MASKTOKEN continually stage diving and getting hurt.,0.965544188298386,0.354071206388848
20,English,Rohde,high,NP1,1,mocked,pl,the fans,the singer,fans,singer,The man mocked the fans of the singer who MASKTOKEN continually stage diving and getting hurt.,The man mocked the fans of the singer who,$PL,The man mocked the fans of the singer who MASKTOKEN continually stage diving and getting hurt.,0.947312938420032,0.835414739904299
20,English,Rohde,high,NP1,0,counted,sg,the fan,the singers,fan,singers,The man counted the fan of the singers who MASKTOKEN continually stage diving and getting hurt.,The man counted the fan of the singers who,$SG,The man counted the fan of the singers who MASKTOKEN continually stage diving and getting hurt.,0.011918264531792,0.45130666823466
20,English,Rohde,low,NP2,0,counted,sg,the fans,the singer,fans,singer,The man counted the fans of the singer who MASKTOKEN continually stage diving and getting hurt.,The man counted the fans of the singer who,$SG,The man counted the fans of the singer who MASKTOKEN continually stage diving and getting hurt.,0.01605940938862,0.118982871888294
20,English,Rohde,low,NP2,0,counted,pl,the fan,the singers,fan,singers,The man counted the fan of the singers who MASKTOKEN continually stage diving and getting hurt.,The man counted the fan of the singers who,$PL,The man counted the fan of the singers who MASKTOKEN continually stage diving and getting hurt.,0.98205608499297,0.535454653001652
20,English,Rohde,high,NP1,0,counted,pl,the fans,the singer,fans,singer,The man counted the fans of the singer who MASKTOKEN continually stage diving and getting hurt.,The man counted the fans of the singer who,$PL,The man counted the fans of the singer who MASKTOKEN continually stage diving and getting hurt.,0.975569442417523,0.866233024852902
